82,468
73,41
36,131
61,39
46,394
42,258
95,33
72,323
69,16
27,363
5,170
96,460
33,179
100,108
6,176
80,37
48,196
28,157
0,243
26,210
68,323
16,436
95,225
38,60
65,41
59,332
77,142
10,305
21,28
45,403
2,406
66,234
95,398
37,330
7,468
41,258
37,301
13,390
0,415
68,3
69,232
62,73
59,124
72,433
36,419
21,310
39,222
14,228
78,291
46,346
89,462
83,72
61,156
2,45
82,74
13,115
77,413
39,465
35,234
81,427
49,366
84,138
44,458
0,96
85,386
5,171
28,481
58,228
14,365
43,301
1,358
24,451
46,159
38,482
82,473
35,329
2,45
28,311
0,293
7,148
56,456
10,38
73,139
1,431
58,54
11,285
74,498
79,411
53,463
35,153
44,213
66,267
15,237
88,234
94,353
91,187
45,166
16,207
63,88
81,327